best model found at epoch NO.96
training:
loss: 0.4167420235718276
c_index: 0.8966632878841287
RMSE: 0.6455556154251099
MAE: 0.507492184638977
SD: 0.6188213732438549
CORR: 0.943671015671654

validation:
loss: 1.8454920196533202
c_index: 0.7870137010490492
RMSE: 1.358488917350769
MAE: 1.0534523725509644
SD: 1.3191641487977712
CORR: 0.7663760999380027

test:
loss: 1.68391218514278
c_index: 0.8147811528342502
RMSE: 1.2976564168930054
MAE: 1.0141723155975342
SD: 1.2306863024779222
CORR: 0.8248045954350287

